imsize 4096 4096
eye -4 6 2 
viewdir 0.25 -0.2 -1
vfov 70 
updir 0 1 0
light 0 0 -1 0 1
bkgcolor 0.400 1.000 0.200

mtlcolor 0.000 0.000 1.000 1 1 1 0.1 0.4 0.6 100
sphere -7 -14 -15 1
mtlcolor 0.111 0.056 0.889 1 1 1 0.1 0.4 0.6 100
sphere -7 -13 -16 1
mtlcolor 0.222 0.111 0.778 1 1 1 0.1 0.4 0.6 100
sphere -7 -12 -17 1
mtlcolor 0.333 0.167 0.667 1 1 1 0.1 0.4 0.6 100
sphere -7 -11 -18 1
mtlcolor 0.444 0.222 0.556 1 1 1 0.1 0.4 0.6 100
sphere -7 -10 -19 1
mtlcolor 0.556 0.278 0.444 1 1 1 0.1 0.4 0.6 100
sphere -7 -9 -20 1
mtlcolor 0.667 0.333 0.333 1 1 1 0.1 0.4 0.6 100
sphere -7 -8 -21 1
mtlcolor 0.778 0.389 0.222 1 1 1 0.1 0.4 0.6 100
sphere -7 -7 -22 1
mtlcolor 0.889 0.444 0.111 1 1 1 0.1 0.4 0.6 100
sphere -7 -6 -23 1
mtlcolor 1.000 0.500 0.000 1 1 1 0.1 0.4 0.6 100
sphere -7 -5 -24 1

mtlcolor 0.000 0.000 1.000 1 1 1 0.1 0.4 0.6 100
sphere -7 -14 -15 1
mtlcolor 0.111 0.056 0.889 1 1 1 0.1 0.4 0.6 100
sphere -6 -14 -15 1
mtlcolor 0.222 0.111 0.778 1 1 1 0.1 0.4 0.6 100
sphere -5 -14 -15 1
mtlcolor 0.333 0.167 0.667 1 1 1 0.1 0.4 0.6 100
sphere -4 -14 -15 1
mtlcolor 0.444 0.222 0.556 1 1 1 0.1 0.4 0.6 100
sphere -3 -14 -15 1
mtlcolor 0.556 0.278 0.444 1 1 1 0.1 0.4 0.6 100
sphere -3 -14 -15 1
mtlcolor 0.667 0.333 0.333 1 1 1 0.1 0.4 0.6 100
sphere -2 -14 -15 1
mtlcolor 0.778 0.389 0.222 1 1 1 0.1 0.4 0.6 100
sphere -1 -14 -15 1
mtlcolor 0.889 0.444 0.111 1 1 1 0.1 0.4 0.6 100
sphere 0 -14 -15 1
mtlcolor 1.000 0.500 0.000 1 1 1 0.1 0.4 0.6 100
sphere 1 -14 -15 1

mtlcolor 1.000 0.500 0.000 1 1 1 0.1 0.4 0.6 100
sphere 2 -14 -15 1
mtlcolor 0.889 0.444 0.111 1 1 1 0.1 0.4 0.6 100
sphere 3 -14 -15 1
mtlcolor 0.778 0.389 0.222 1 1 1 0.1 0.4 0.6 100
sphere 4 -14 -15 1
mtlcolor 0.667 0.333 0.333 1 1 1 0.1 0.4 0.6 100
sphere 5 -14 -15 1
mtlcolor 0.556 0.278 0.444 1 1 1 0.1 0.4 0.6 100
sphere 6 -14 -15 1
mtlcolor 0.444 0.222 0.556 1 1 1 0.1 0.4 0.6 100
sphere 7 -14 -15 1
mtlcolor 0.333 0.167 0.667 1 1 1 0.1 0.4 0.6 100
sphere 8 -14 -15 1
mtlcolor 0.222 0.111 0.778 1 1 1 0.1 0.4 0.6 100
sphere 9 -14 -15 1
mtlcolor 0.111 0.056 0.889 1 1 1 0.1 0.4 0.6 100
sphere 10 -14 -15 1
mtlcolor 0.000 0.000 1.000 1 1 1 0.1 0.4 0.6 100
sphere 11 -14 -15 1

mtlcolor 1.000 0.500 0.000 1 1 1 0.1 0.4 0.6 100
sphere 11 -5 -24 1
mtlcolor 0.889 0.444 0.111 1 1 1 0.1 0.4 0.6 100
sphere 11 -6 -23 1
mtlcolor 0.778 0.389 0.222 1 1 1 0.1 0.4 0.6 100
sphere 11 -7 -22 1
mtlcolor 0.667 0.333 0.333 1 1 1 0.1 0.4 0.6 100
sphere 11 -8 -21 1
mtlcolor 0.556 0.278 0.444 1 1 1 0.1 0.4 0.6 100
sphere 11 -9 -20 1
mtlcolor 0.444 0.222 0.556 1 1 1 0.1 0.4 0.6 100
sphere 11 -10 -19 1
mtlcolor 0.333 0.167 0.667 1 1 1 0.1 0.4 0.6 100
sphere 11 -11 -18 1
mtlcolor 0.222 0.111 0.778 1 1 1 0.1 0.4 0.6 100
sphere 11 -12 -17 1
mtlcolor 0.111 0.056 0.889 1 1 1 0.1 0.4 0.6 100
sphere 11 -13 -16 1
mtlcolor 0.000 0.000 1.000 1 1 1 0.1 0.4 0.6 100
sphere 11 -14 -15 1

mtlcolor 1.000 0.500 0.000 1 1 1 0.1 0.4 0.6 100
sphere -7 -5 -24 1
mtlcolor 0.889 0.444 0.111 1 1 1 0.1 0.4 0.6 100
sphere -6 -5 -24 1
mtlcolor 0.778 0.389 0.222 1 1 1 0.1 0.4 0.6 100
sphere -5 -5 -24 1
mtlcolor 0.667 0.333 0.333 1 1 1 0.1 0.4 0.6 100
sphere -4 -5 -24 1
mtlcolor 0.556 0.278 0.444 1 1 1 0.1 0.4 0.6 100
sphere -3 -5 -24 1
mtlcolor 0.444 0.222 0.556 1 1 1 0.1 0.4 0.6 100
sphere -3 -5 -24 1
mtlcolor 0.333 0.167 0.667 1 1 1 0.1 0.4 0.6 100
sphere -2 -5 -24 1
mtlcolor 0.222 0.111 0.778 1 1 1 0.1 0.4 0.6 100
sphere -1 -5 -24 1
mtlcolor 0.111 0.056 0.889 1 1 1 0.1 0.4 0.6 100
sphere 0 -5 -24 1
mtlcolor 0.000 0.000 1.000 1 1 1 0.1 0.4 0.6 100
sphere 1 -5 -24 1

mtlcolor 0.000 0.000 1.000 1 1 1 0.1 0.4 0.6 100
sphere 2 -5 -24 1
mtlcolor 0.111 0.056 0.889 1 1 1 0.1 0.4 0.6 100
sphere 3 -5 -24 1
mtlcolor 0.222 0.111 0.778 1 1 1 0.1 0.4 0.6 100
sphere 4 -5 -24 1
mtlcolor 0.333 0.167 0.667 1 1 1 0.1 0.4 0.6 100
sphere 5 -5 -24 1
mtlcolor 0.444 0.222 0.556 1 1 1 0.1 0.4 0.6 100
sphere 6 -5 -24 1
mtlcolor 0.556 0.278 0.444 1 1 1 0.1 0.4 0.6 100
sphere 7 -5 -24 1
mtlcolor 0.667 0.333 0.333 1 1 1 0.1 0.4 0.6 100
sphere 8 -5 -24 1
mtlcolor 0.778 0.389 0.222 1 1 1 0.1 0.4 0.6 100
sphere 9 -5 -24 1
mtlcolor 0.889 0.444 0.111 1 1 1 0.1 0.4 0.6 100
sphere 10 -5 -24 1
mtlcolor 1.000 0.500 0.000 1 1 1 0.1 0.4 0.6 100
sphere 11 -5 -24 1

mtlcolor 0.000 0.000 1.000 1 1 1 0.1 0.4 0.6 100
sphere -7 -10 -15 1
mtlcolor 0.111 0.056 0.889 1 1 1 0.1 0.4 0.6 100
sphere -7 -9 -16 1
mtlcolor 0.222 0.111 0.778 1 1 1 0.1 0.4 0.6 100
sphere -7 -8 -17 1
mtlcolor 0.333 0.167 0.667 1 1 1 0.1 0.4 0.6 100
sphere -7 -7 -18 1
mtlcolor 0.444 0.222 0.556 1 1 1 0.1 0.4 0.6 100
sphere -7 -6 -19 1
mtlcolor 0.556 0.278 0.444 1 1 1 0.1 0.4 0.6 100
sphere -7 -5 -20 1
mtlcolor 0.667 0.333 0.333 1 1 1 0.1 0.4 0.6 100
sphere -7 -4 -21 1
mtlcolor 0.778 0.389 0.222 1 1 1 0.1 0.4 0.6 100
sphere -7 -3 -22 1
mtlcolor 0.889 0.444 0.111 1 1 1 0.1 0.4 0.6 100
sphere -7 -2 -23 1
mtlcolor 1.000 0.500 0.000 1 1 1 0.1 0.4 0.6 100
sphere -7 -1 -24 1

mtlcolor 0.000 0.000 1.000 1 1 1 0.1 0.4 0.6 100
sphere -7 -10 -15 1
mtlcolor 0.111 0.056 0.889 1 1 1 0.1 0.4 0.6 100
sphere -6 -10 -15 1
mtlcolor 0.222 0.111 0.778 1 1 1 0.1 0.4 0.6 100
sphere -5 -10 -15 1
mtlcolor 0.333 0.167 0.667 1 1 1 0.1 0.4 0.6 100
sphere -4 -10 -15 1
mtlcolor 0.444 0.222 0.556 1 1 1 0.1 0.4 0.6 100
sphere -3 -10 -15 1
mtlcolor 0.556 0.278 0.444 1 1 1 0.1 0.4 0.6 100
sphere -3 -10 -15 1
mtlcolor 0.667 0.333 0.333 1 1 1 0.1 0.4 0.6 100
sphere -2 -10 -15 1
mtlcolor 0.778 0.389 0.222 1 1 1 0.1 0.4 0.6 100
sphere -1 -10 -15 1
mtlcolor 0.889 0.444 0.111 1 1 1 0.1 0.4 0.6 100
sphere 0 -10 -15 1
mtlcolor 1.000 0.500 0.000 1 1 1 0.1 0.4 0.6 100
sphere 1 -10 -15 1

mtlcolor 1.000 0.500 0.000 1 1 1 0.1 0.4 0.6 100
sphere 2 -10 -15 1
mtlcolor 0.889 0.444 0.111 1 1 1 0.1 0.4 0.6 100
sphere 3 -10 -15 1
mtlcolor 0.778 0.389 0.222 1 1 1 0.1 0.4 0.6 100
sphere 4 -10 -15 1
mtlcolor 0.667 0.333 0.333 1 1 1 0.1 0.4 0.6 100
sphere 5 -10 -15 1
mtlcolor 0.556 0.278 0.444 1 1 1 0.1 0.4 0.6 100
sphere 6 -10 -15 1
mtlcolor 0.444 0.222 0.556 1 1 1 0.1 0.4 0.6 100
sphere 7 -10 -15 1
mtlcolor 0.333 0.167 0.667 1 1 1 0.1 0.4 0.6 100
sphere 8 -10 -15 1
mtlcolor 0.222 0.111 0.778 1 1 1 0.1 0.4 0.6 100
sphere 9 -10 -15 1
mtlcolor 0.111 0.056 0.889 1 1 1 0.1 0.4 0.6 100
sphere 10 -10 -15 1
mtlcolor 0.000 0.000 1.000 1 1 1 0.1 0.4 0.6 100
sphere 11 -10 -15 1

mtlcolor 1.000 0.500 0.000 1 1 1 0.1 0.4 0.6 100
sphere 11 -1 -24 1
mtlcolor 0.889 0.444 0.111 1 1 1 0.1 0.4 0.6 100
sphere 11 -2 -23 1
mtlcolor 0.778 0.389 0.222 1 1 1 0.1 0.4 0.6 100
sphere 11 -3 -22 1
mtlcolor 0.667 0.333 0.333 1 1 1 0.1 0.4 0.6 100
sphere 11 -4 -21 1
mtlcolor 0.556 0.278 0.444 1 1 1 0.1 0.4 0.6 100
sphere 11 -5 -20 1
mtlcolor 0.444 0.222 0.556 1 1 1 0.1 0.4 0.6 100
sphere 11 -6 -19 1
mtlcolor 0.333 0.167 0.667 1 1 1 0.1 0.4 0.6 100
sphere 11 -7 -18 1
mtlcolor 0.222 0.111 0.778 1 1 1 0.1 0.4 0.6 100
sphere 11 -8 -17 1
mtlcolor 0.111 0.056 0.889 1 1 1 0.1 0.4 0.6 100
sphere 11 -9 -16 1
mtlcolor 0.000 0.000 1.000 1 1 1 0.1 0.4 0.6 100
sphere 11 -10 -15 1

mtlcolor 1.000 0.500 0.000 1 1 1 0.1 0.4 0.6 100
sphere -7 -1 -24 1
mtlcolor 0.889 0.444 0.111 1 1 1 0.1 0.4 0.6 100
sphere -6 -1 -24 1
mtlcolor 0.778 0.389 0.222 1 1 1 0.1 0.4 0.6 100
sphere -5 -1 -24 1
mtlcolor 0.667 0.333 0.333 1 1 1 0.1 0.4 0.6 100
sphere -4 -1 -24 1
mtlcolor 0.556 0.278 0.444 1 1 1 0.1 0.4 0.6 100
sphere -3 -1 -24 1
mtlcolor 0.444 0.222 0.556 1 1 1 0.1 0.4 0.6 100
sphere -3 -1 -24 1
mtlcolor 0.333 0.167 0.667 1 1 1 0.1 0.4 0.6 100
sphere -2 -1 -24 1
mtlcolor 0.222 0.111 0.778 1 1 1 0.1 0.4 0.6 100
sphere -1 -1 -24 1
mtlcolor 0.111 0.056 0.889 1 1 1 0.1 0.4 0.6 100
sphere 0 -1 -24 1
mtlcolor 0.000 0.000 1.000 1 1 1 0.1 0.4 0.6 100
sphere 1 -1 -24 1

mtlcolor 0.000 0.000 1.000 1 1 1 0.1 0.4 0.6 100
sphere 2 -1 -24 1
mtlcolor 0.111 0.056 0.889 1 1 1 0.1 0.4 0.6 100
sphere 3 -1 -24 1
mtlcolor 0.222 0.111 0.778 1 1 1 0.1 0.4 0.6 100
sphere 4 -1 -24 1
mtlcolor 0.333 0.167 0.667 1 1 1 0.1 0.4 0.6 100
sphere 5 -1 -24 1
mtlcolor 0.444 0.222 0.556 1 1 1 0.1 0.4 0.6 100
sphere 6 -1 -24 1
mtlcolor 0.556 0.278 0.444 1 1 1 0.1 0.4 0.6 100
sphere 7 -1 -24 1
mtlcolor 0.667 0.333 0.333 1 1 1 0.1 0.4 0.6 100
sphere 8 -1 -24 1
mtlcolor 0.778 0.389 0.222 1 1 1 0.1 0.4 0.6 100
sphere 9 -1 -24 1
mtlcolor 0.889 0.444 0.111 1 1 1 0.1 0.4 0.6 100
sphere 10 -1 -24 1
mtlcolor 1.000 0.500 0.000 1 1 1 0.1 0.4 0.6 100
sphere 11 -1 -24 1

mtlcolor 0.000 0.000 1.000 1 1 1 0.1 0.4 0.6 100
sphere -7 -6 -15 1
mtlcolor 0.111 0.056 0.889 1 1 1 0.1 0.4 0.6 100
sphere -7 -5 -16 1
mtlcolor 0.222 0.111 0.778 1 1 1 0.1 0.4 0.6 100
sphere -7 -4 -17 1
mtlcolor 0.333 0.167 0.667 1 1 1 0.1 0.4 0.6 100
sphere -7 -3 -18 1
mtlcolor 0.444 0.222 0.556 1 1 1 0.1 0.4 0.6 100
sphere -7 -2 -19 1
mtlcolor 0.556 0.278 0.444 1 1 1 0.1 0.4 0.6 100
sphere -7 -1 -20 1
mtlcolor 0.667 0.333 0.333 1 1 1 0.1 0.4 0.6 100
sphere -7 0 -21 1
mtlcolor 0.778 0.389 0.222 1 1 1 0.1 0.4 0.6 100
sphere -7 1 -22 1
mtlcolor 0.889 0.444 0.111 1 1 1 0.1 0.4 0.6 100
sphere -7 2 -23 1
mtlcolor 1.000 0.500 0.000 1 1 1 0.1 0.4 0.6 100
sphere -7 3 -24 1

mtlcolor 0.000 0.000 1.000 1 1 1 0.1 0.4 0.6 100
sphere -7 -6 -15 1
mtlcolor 0.111 0.056 0.889 1 1 1 0.1 0.4 0.6 100
sphere -6 -6 -15 1
mtlcolor 0.222 0.111 0.778 1 1 1 0.1 0.4 0.6 100
sphere -5 -6 -15 1
mtlcolor 0.333 0.167 0.667 1 1 1 0.1 0.4 0.6 100
sphere -4 -6 -15 1
mtlcolor 0.444 0.222 0.556 1 1 1 0.1 0.4 0.6 100
sphere -3 -6 -15 1
mtlcolor 0.556 0.278 0.444 1 1 1 0.1 0.4 0.6 100
sphere -3 -6 -15 1
mtlcolor 0.667 0.333 0.333 1 1 1 0.1 0.4 0.6 100
sphere -2 -6 -15 1
mtlcolor 0.778 0.389 0.222 1 1 1 0.1 0.4 0.6 100
sphere -1 -6 -15 1
mtlcolor 0.889 0.444 0.111 1 1 1 0.1 0.4 0.6 100
sphere 0 -6 -15 1
mtlcolor 1.000 0.500 0.000 1 1 1 0.1 0.4 0.6 100
sphere 1 -6 -15 1

mtlcolor 1.000 0.500 0.000 1 1 1 0.1 0.4 0.6 100
sphere 2 -6 -15 1
mtlcolor 0.889 0.444 0.111 1 1 1 0.1 0.4 0.6 100
sphere 3 -6 -15 1
mtlcolor 0.778 0.389 0.222 1 1 1 0.1 0.4 0.6 100
sphere 4 -6 -15 1
mtlcolor 0.667 0.333 0.333 1 1 1 0.1 0.4 0.6 100
sphere 5 -6 -15 1
mtlcolor 0.556 0.278 0.444 1 1 1 0.1 0.4 0.6 100
sphere 6 -6 -15 1
mtlcolor 0.444 0.222 0.556 1 1 1 0.1 0.4 0.6 100
sphere 7 -6 -15 1
mtlcolor 0.333 0.167 0.667 1 1 1 0.1 0.4 0.6 100
sphere 8 -6 -15 1
mtlcolor 0.222 0.111 0.778 1 1 1 0.1 0.4 0.6 100
sphere 9 -6 -15 1
mtlcolor 0.111 0.056 0.889 1 1 1 0.1 0.4 0.6 100
sphere 10 -6 -15 1
mtlcolor 0.000 0.000 1.000 1 1 1 0.1 0.4 0.6 100
sphere 11 -6 -15 1

mtlcolor 1.000 0.500 0.000 1 1 1 0.1 0.4 0.6 100
sphere 11 3 -24 1
mtlcolor 0.889 0.444 0.111 1 1 1 0.1 0.4 0.6 100
sphere 11 2 -23 1
mtlcolor 0.778 0.389 0.222 1 1 1 0.1 0.4 0.6 100
sphere 11 1 -22 1
mtlcolor 0.667 0.333 0.333 1 1 1 0.1 0.4 0.6 100
sphere 11 0 -21 1
mtlcolor 0.556 0.278 0.444 1 1 1 0.1 0.4 0.6 100
sphere 11 -1 -20 1
mtlcolor 0.444 0.222 0.556 1 1 1 0.1 0.4 0.6 100
sphere 11 -2 -19 1
mtlcolor 0.333 0.167 0.667 1 1 1 0.1 0.4 0.6 100
sphere 11 -3 -18 1
mtlcolor 0.222 0.111 0.778 1 1 1 0.1 0.4 0.6 100
sphere 11 -4 -17 1
mtlcolor 0.111 0.056 0.889 1 1 1 0.1 0.4 0.6 100
sphere 11 -5 -16 1
mtlcolor 0.000 0.000 1.000 1 1 1 0.1 0.4 0.6 100
sphere 11 -6 -15 1

mtlcolor 1.000 0.500 0.000 1 1 1 0.1 0.4 0.6 100
sphere -7 3 -24 1
mtlcolor 0.889 0.444 0.111 1 1 1 0.1 0.4 0.6 100
sphere -6 3 -24 1
mtlcolor 0.778 0.389 0.222 1 1 1 0.1 0.4 0.6 100
sphere -5 3 -24 1
mtlcolor 0.667 0.333 0.333 1 1 1 0.1 0.4 0.6 100
sphere -4 3 -24 1
mtlcolor 0.556 0.278 0.444 1 1 1 0.1 0.4 0.6 100
sphere -3 3 -24 1
mtlcolor 0.444 0.222 0.556 1 1 1 0.1 0.4 0.6 100
sphere -3 3 -24 1
mtlcolor 0.333 0.167 0.667 1 1 1 0.1 0.4 0.6 100
sphere -2 3 -24 1
mtlcolor 0.222 0.111 0.778 1 1 1 0.1 0.4 0.6 100
sphere -1 3 -24 1
mtlcolor 0.111 0.056 0.889 1 1 1 0.1 0.4 0.6 100
sphere 0 3 -24 1
mtlcolor 0.000 0.000 1.000 1 1 1 0.1 0.4 0.6 100
sphere 1 3 -24 1

mtlcolor 0.000 0.000 1.000 1 1 1 0.1 0.4 0.6 100
sphere 2 3 -24 1
mtlcolor 0.111 0.056 0.889 1 1 1 0.1 0.4 0.6 100
sphere 3 3 -24 1
mtlcolor 0.222 0.111 0.778 1 1 1 0.1 0.4 0.6 100
sphere 4 3 -24 1
mtlcolor 0.333 0.167 0.667 1 1 1 0.1 0.4 0.6 100
sphere 5 3 -24 1
mtlcolor 0.444 0.222 0.556 1 1 1 0.1 0.4 0.6 100
sphere 6 3 -24 1
mtlcolor 0.556 0.278 0.444 1 1 1 0.1 0.4 0.6 100
sphere 7 3 -24 1
mtlcolor 0.667 0.333 0.333 1 1 1 0.1 0.4 0.6 100
sphere 8 3 -24 1
mtlcolor 0.778 0.389 0.222 1 1 1 0.1 0.4 0.6 100
sphere 9 3 -24 1
mtlcolor 0.889 0.444 0.111 1 1 1 0.1 0.4 0.6 100
sphere 10 3 -24 1
mtlcolor 1.000 0.500 0.000 1 1 1 0.1 0.4 0.6 100
sphere 11 3 -24 1

mtlcolor 0.000 0.000 1.000 1 1 1 0.1 0.4 0.6 100
sphere -7 -2 -15 1
mtlcolor 0.111 0.056 0.889 1 1 1 0.1 0.4 0.6 100
sphere -7 -1 -16 1
mtlcolor 0.222 0.111 0.778 1 1 1 0.1 0.4 0.6 100
sphere -7 0 -17 1
mtlcolor 0.333 0.167 0.667 1 1 1 0.1 0.4 0.6 100
sphere -7 1 -18 1
mtlcolor 0.444 0.222 0.556 1 1 1 0.1 0.4 0.6 100
sphere -7 2 -19 1
mtlcolor 0.556 0.278 0.444 1 1 1 0.1 0.4 0.6 100
sphere -7 3 -20 1
mtlcolor 0.667 0.333 0.333 1 1 1 0.1 0.4 0.6 100
sphere -7 4 -21 1
mtlcolor 0.778 0.389 0.222 1 1 1 0.1 0.4 0.6 100
sphere -7 5 -22 1
mtlcolor 0.889 0.444 0.111 1 1 1 0.1 0.4 0.6 100
sphere -7 6 -23 1
mtlcolor 1.000 0.500 0.000 1 1 1 0.1 0.4 0.6 100
sphere -7 7 -24 1

mtlcolor 0.000 0.000 1.000 1 1 1 0.1 0.4 0.6 100
sphere -7 -2 -15 1
mtlcolor 0.111 0.056 0.889 1 1 1 0.1 0.4 0.6 100
sphere -6 -2 -15 1
mtlcolor 0.222 0.111 0.778 1 1 1 0.1 0.4 0.6 100
sphere -5 -2 -15 1
mtlcolor 0.333 0.167 0.667 1 1 1 0.1 0.4 0.6 100
sphere -4 -2 -15 1
mtlcolor 0.444 0.222 0.556 1 1 1 0.1 0.4 0.6 100
sphere -3 -2 -15 1
mtlcolor 0.556 0.278 0.444 1 1 1 0.1 0.4 0.6 100
sphere -3 -2 -15 1
mtlcolor 0.667 0.333 0.333 1 1 1 0.1 0.4 0.6 100
sphere -2 -2 -15 1
mtlcolor 0.778 0.389 0.222 1 1 1 0.1 0.4 0.6 100
sphere -1 -2 -15 1
mtlcolor 0.889 0.444 0.111 1 1 1 0.1 0.4 0.6 100
sphere 0 -2 -15 1
mtlcolor 1.000 0.500 0.000 1 1 1 0.1 0.4 0.6 100
sphere 1 -2 -15 1

mtlcolor 1.000 0.500 0.000 1 1 1 0.1 0.4 0.6 100
sphere 2 -2 -15 1
mtlcolor 0.889 0.444 0.111 1 1 1 0.1 0.4 0.6 100
sphere 3 -2 -15 1
mtlcolor 0.778 0.389 0.222 1 1 1 0.1 0.4 0.6 100
sphere 4 -2 -15 1
mtlcolor 0.667 0.333 0.333 1 1 1 0.1 0.4 0.6 100
sphere 5 -2 -15 1
mtlcolor 0.556 0.278 0.444 1 1 1 0.1 0.4 0.6 100
sphere 6 -2 -15 1
mtlcolor 0.444 0.222 0.556 1 1 1 0.1 0.4 0.6 100
sphere 7 -2 -15 1
mtlcolor 0.333 0.167 0.667 1 1 1 0.1 0.4 0.6 100
sphere 8 -2 -15 1
mtlcolor 0.222 0.111 0.778 1 1 1 0.1 0.4 0.6 100
sphere 9 -2 -15 1
mtlcolor 0.111 0.056 0.889 1 1 1 0.1 0.4 0.6 100
sphere 10 -2 -15 1
mtlcolor 0.000 0.000 1.000 1 1 1 0.1 0.4 0.6 100
sphere 11 -2 -15 1

mtlcolor 1.000 0.500 0.000 1 1 1 0.1 0.4 0.6 100
sphere 11 7 -24 1
mtlcolor 0.889 0.444 0.111 1 1 1 0.1 0.4 0.6 100
sphere 11 6 -23 1
mtlcolor 0.778 0.389 0.222 1 1 1 0.1 0.4 0.6 100
sphere 11 5 -22 1
mtlcolor 0.667 0.333 0.333 1 1 1 0.1 0.4 0.6 100
sphere 11 4 -21 1
mtlcolor 0.556 0.278 0.444 1 1 1 0.1 0.4 0.6 100
sphere 11 3 -20 1
mtlcolor 0.444 0.222 0.556 1 1 1 0.1 0.4 0.6 100
sphere 11 2 -19 1
mtlcolor 0.333 0.167 0.667 1 1 1 0.1 0.4 0.6 100
sphere 11 1 -18 1
mtlcolor 0.222 0.111 0.778 1 1 1 0.1 0.4 0.6 100
sphere 11 0 -17 1
mtlcolor 0.111 0.056 0.889 1 1 1 0.1 0.4 0.6 100
sphere 11 -1 -16 1
mtlcolor 0.000 0.000 1.000 1 1 1 0.1 0.4 0.6 100
sphere 11 -2 -15 1

mtlcolor 1.000 0.500 0.000 1 1 1 0.1 0.4 0.6 100
sphere -7 7 -24 1
mtlcolor 0.889 0.444 0.111 1 1 1 0.1 0.4 0.6 100
sphere -6 7 -24 1
mtlcolor 0.778 0.389 0.222 1 1 1 0.1 0.4 0.6 100
sphere -5 7 -24 1
mtlcolor 0.667 0.333 0.333 1 1 1 0.1 0.4 0.6 100
sphere -4 7 -24 1
mtlcolor 0.556 0.278 0.444 1 1 1 0.1 0.4 0.6 100
sphere -3 7 -24 1
mtlcolor 0.444 0.222 0.556 1 1 1 0.1 0.4 0.6 100
sphere -3 7 -24 1
mtlcolor 0.333 0.167 0.667 1 1 1 0.1 0.4 0.6 100
sphere -2 7 -24 1
mtlcolor 0.222 0.111 0.778 1 1 1 0.1 0.4 0.6 100
sphere -1 7 -24 1
mtlcolor 0.111 0.056 0.889 1 1 1 0.1 0.4 0.6 100
sphere 0 7 -24 1
mtlcolor 0.000 0.000 1.000 1 1 1 0.1 0.4 0.6 100
sphere 1 7 -24 1

mtlcolor 0.000 0.000 1.000 1 1 1 0.1 0.4 0.6 100
sphere 2 7 -24 1
mtlcolor 0.111 0.056 0.889 1 1 1 0.1 0.4 0.6 100
sphere 3 7 -24 1
mtlcolor 0.222 0.111 0.778 1 1 1 0.1 0.4 0.6 100
sphere 4 7 -24 1
mtlcolor 0.333 0.167 0.667 1 1 1 0.1 0.4 0.6 100
sphere 5 7 -24 1
mtlcolor 0.444 0.222 0.556 1 1 1 0.1 0.4 0.6 100
sphere 6 7 -24 1
mtlcolor 0.556 0.278 0.444 1 1 1 0.1 0.4 0.6 100
sphere 7 7 -24 1
mtlcolor 0.667 0.333 0.333 1 1 1 0.1 0.4 0.6 100
sphere 8 7 -24 1
mtlcolor 0.778 0.389 0.222 1 1 1 0.1 0.4 0.6 100
sphere 9 7 -24 1
mtlcolor 0.889 0.444 0.111 1 1 1 0.1 0.4 0.6 100
sphere 10 7 -24 1
mtlcolor 1.000 0.500 0.000 1 1 1 0.1 0.4 0.6 100
sphere 11 7 -24 1

mtlcolor 0.000 0.000 1.000 1 1 1 0.1 0.4 0.6 100
sphere -7 2 -15 1
mtlcolor 0.111 0.056 0.889 1 1 1 0.1 0.4 0.6 100
sphere -7 3 -16 1
mtlcolor 0.222 0.111 0.778 1 1 1 0.1 0.4 0.6 100
sphere -7 4 -17 1
mtlcolor 0.333 0.167 0.667 1 1 1 0.1 0.4 0.6 100
sphere -7 5 -18 1
mtlcolor 0.444 0.222 0.556 1 1 1 0.1 0.4 0.6 100
sphere -7 6 -19 1
mtlcolor 0.556 0.278 0.444 1 1 1 0.1 0.4 0.6 100
sphere -7 7 -20 1
mtlcolor 0.667 0.333 0.333 1 1 1 0.1 0.4 0.6 100
sphere -7 8 -21 1
mtlcolor 0.778 0.389 0.222 1 1 1 0.1 0.4 0.6 100
sphere -7 9 -22 1
mtlcolor 0.889 0.444 0.111 1 1 1 0.1 0.4 0.6 100
sphere -7 10 -23 1
mtlcolor 1.000 0.500 0.000 1 1 1 0.1 0.4 0.6 100
sphere -7 11 -24 1

mtlcolor 0.000 0.000 1.000 1 1 1 0.1 0.4 0.6 100
sphere -7 2 -15 1
mtlcolor 0.111 0.056 0.889 1 1 1 0.1 0.4 0.6 100
sphere -6 2 -15 1
mtlcolor 0.222 0.111 0.778 1 1 1 0.1 0.4 0.6 100
sphere -5 2 -15 1
mtlcolor 0.333 0.167 0.667 1 1 1 0.1 0.4 0.6 100
sphere -4 2 -15 1
mtlcolor 0.444 0.222 0.556 1 1 1 0.1 0.4 0.6 100
sphere -3 2 -15 1
mtlcolor 0.556 0.278 0.444 1 1 1 0.1 0.4 0.6 100
sphere -3 2 -15 1
mtlcolor 0.667 0.333 0.333 1 1 1 0.1 0.4 0.6 100
sphere -2 2 -15 1
mtlcolor 0.778 0.389 0.222 1 1 1 0.1 0.4 0.6 100
sphere -1 2 -15 1
mtlcolor 0.889 0.444 0.111 1 1 1 0.1 0.4 0.6 100
sphere 0 2 -15 1
mtlcolor 1.000 0.500 0.000 1 1 1 0.1 0.4 0.6 100
sphere 1 2 -15 1

mtlcolor 1.000 0.500 0.000 1 1 1 0.1 0.4 0.6 100
sphere 2 2 -15 1
mtlcolor 0.889 0.444 0.111 1 1 1 0.1 0.4 0.6 100
sphere 3 2 -15 1
mtlcolor 0.778 0.389 0.222 1 1 1 0.1 0.4 0.6 100
sphere 4 2 -15 1
mtlcolor 0.667 0.333 0.333 1 1 1 0.1 0.4 0.6 100
sphere 5 2 -15 1
mtlcolor 0.556 0.278 0.444 1 1 1 0.1 0.4 0.6 100
sphere 6 2 -15 1
mtlcolor 0.444 0.222 0.556 1 1 1 0.1 0.4 0.6 100
sphere 7 2 -15 1
mtlcolor 0.333 0.167 0.667 1 1 1 0.1 0.4 0.6 100
sphere 8 2 -15 1
mtlcolor 0.222 0.111 0.778 1 1 1 0.1 0.4 0.6 100
sphere 9 2 -15 1
mtlcolor 0.111 0.056 0.889 1 1 1 0.1 0.4 0.6 100
sphere 10 2 -15 1
mtlcolor 0.000 0.000 1.000 1 1 1 0.1 0.4 0.6 100
sphere 11 2 -15 1

mtlcolor 1.000 0.500 0.000 1 1 1 0.1 0.4 0.6 100
sphere 11 11 -24 1
mtlcolor 0.889 0.444 0.111 1 1 1 0.1 0.4 0.6 100
sphere 11 10 -23 1
mtlcolor 0.778 0.389 0.222 1 1 1 0.1 0.4 0.6 100
sphere 11 9 -22 1
mtlcolor 0.667 0.333 0.333 1 1 1 0.1 0.4 0.6 100
sphere 11 8 -21 1
mtlcolor 0.556 0.278 0.444 1 1 1 0.1 0.4 0.6 100
sphere 11 7 -20 1
mtlcolor 0.444 0.222 0.556 1 1 1 0.1 0.4 0.6 100
sphere 11 6 -19 1
mtlcolor 0.333 0.167 0.667 1 1 1 0.1 0.4 0.6 100
sphere 11 5 -18 1
mtlcolor 0.222 0.111 0.778 1 1 1 0.1 0.4 0.6 100
sphere 11 4 -17 1
mtlcolor 0.111 0.056 0.889 1 1 1 0.1 0.4 0.6 100
sphere 11 3 -16 1
mtlcolor 0.000 0.000 1.000 1 1 1 0.1 0.4 0.6 100
sphere 11 2 -15 1

mtlcolor 1.000 0.500 0.000 1 1 1 0.1 0.4 0.6 100
sphere -7 11 -24 1
mtlcolor 0.889 0.444 0.111 1 1 1 0.1 0.4 0.6 100
sphere -6 11 -24 1
mtlcolor 0.778 0.389 0.222 1 1 1 0.1 0.4 0.6 100
sphere -5 11 -24 1
mtlcolor 0.667 0.333 0.333 1 1 1 0.1 0.4 0.6 100
sphere -4 11 -24 1
mtlcolor 0.556 0.278 0.444 1 1 1 0.1 0.4 0.6 100
sphere -3 11 -24 1
mtlcolor 0.444 0.222 0.556 1 1 1 0.1 0.4 0.6 100
sphere -3 11 -24 1
mtlcolor 0.333 0.167 0.667 1 1 1 0.1 0.4 0.6 100
sphere -2 11 -24 1
mtlcolor 0.222 0.111 0.778 1 1 1 0.1 0.4 0.6 100
sphere -1 11 -24 1
mtlcolor 0.111 0.056 0.889 1 1 1 0.1 0.4 0.6 100
sphere 0 11 -24 1
mtlcolor 0.000 0.000 1.000 1 1 1 0.1 0.4 0.6 100
sphere 1 11 -24 1

mtlcolor 0.000 0.000 1.000 1 1 1 0.1 0.4 0.6 100
sphere 2 11 -24 1
mtlcolor 0.111 0.056 0.889 1 1 1 0.1 0.4 0.6 100
sphere 3 11 -24 1
mtlcolor 0.222 0.111 0.778 1 1 1 0.1 0.4 0.6 100
sphere 4 11 -24 1
mtlcolor 0.333 0.167 0.667 1 1 1 0.1 0.4 0.6 100
sphere 5 11 -24 1
mtlcolor 0.444 0.222 0.556 1 1 1 0.1 0.4 0.6 100
sphere 6 11 -24 1
mtlcolor 0.556 0.278 0.444 1 1 1 0.1 0.4 0.6 100
sphere 7 11 -24 1
mtlcolor 0.667 0.333 0.333 1 1 1 0.1 0.4 0.6 100
sphere 8 11 -24 1
mtlcolor 0.778 0.389 0.222 1 1 1 0.1 0.4 0.6 100
sphere 9 11 -24 1
mtlcolor 0.889 0.444 0.111 1 1 1 0.1 0.4 0.6 100
sphere 10 11 -24 1
mtlcolor 1.000 0.500 0.000 1 1 1 0.1 0.4 0.6 100
sphere 11 11 -24 1

mtlcolor 0.000 0.000 1.000 1 1 1 0.1 0.4 0.6 100
sphere -7 6 -15 1
mtlcolor 0.111 0.056 0.889 1 1 1 0.1 0.4 0.6 100
sphere -7 7 -16 1
mtlcolor 0.222 0.111 0.778 1 1 1 0.1 0.4 0.6 100
sphere -7 8 -17 1
mtlcolor 0.333 0.167 0.667 1 1 1 0.1 0.4 0.6 100
sphere -7 9 -18 1
mtlcolor 0.444 0.222 0.556 1 1 1 0.1 0.4 0.6 100
sphere -7 10 -19 1
mtlcolor 0.556 0.278 0.444 1 1 1 0.1 0.4 0.6 100
sphere -7 11 -20 1
mtlcolor 0.667 0.333 0.333 1 1 1 0.1 0.4 0.6 100
sphere -7 12 -21 1
mtlcolor 0.778 0.389 0.222 1 1 1 0.1 0.4 0.6 100
sphere -7 13 -22 1
mtlcolor 0.889 0.444 0.111 1 1 1 0.1 0.4 0.6 100
sphere -7 14 -23 1
mtlcolor 1.000 0.500 0.000 1 1 1 0.1 0.4 0.6 100
sphere -7 15 -24 1

mtlcolor 0.000 0.000 1.000 1 1 1 0.1 0.4 0.6 100
sphere -7 6 -15 1
mtlcolor 0.111 0.056 0.889 1 1 1 0.1 0.4 0.6 100
sphere -6 6 -15 1
mtlcolor 0.222 0.111 0.778 1 1 1 0.1 0.4 0.6 100
sphere -5 6 -15 1
mtlcolor 0.333 0.167 0.667 1 1 1 0.1 0.4 0.6 100
sphere -4 6 -15 1
mtlcolor 0.444 0.222 0.556 1 1 1 0.1 0.4 0.6 100
sphere -3 6 -15 1
mtlcolor 0.556 0.278 0.444 1 1 1 0.1 0.4 0.6 100
sphere -3 6 -15 1
mtlcolor 0.667 0.333 0.333 1 1 1 0.1 0.4 0.6 100
sphere -2 6 -15 1
mtlcolor 0.778 0.389 0.222 1 1 1 0.1 0.4 0.6 100
sphere -1 6 -15 1
mtlcolor 0.889 0.444 0.111 1 1 1 0.1 0.4 0.6 100
sphere 0 6 -15 1
mtlcolor 1.000 0.500 0.000 1 1 1 0.1 0.4 0.6 100
sphere 1 6 -15 1

mtlcolor 1.000 0.500 0.000 1 1 1 0.1 0.4 0.6 100
sphere 2 6 -15 1
mtlcolor 0.889 0.444 0.111 1 1 1 0.1 0.4 0.6 100
sphere 3 6 -15 1
mtlcolor 0.778 0.389 0.222 1 1 1 0.1 0.4 0.6 100
sphere 4 6 -15 1
mtlcolor 0.667 0.333 0.333 1 1 1 0.1 0.4 0.6 100
sphere 5 6 -15 1
mtlcolor 0.556 0.278 0.444 1 1 1 0.1 0.4 0.6 100
sphere 6 6 -15 1
mtlcolor 0.444 0.222 0.556 1 1 1 0.1 0.4 0.6 100
sphere 7 6 -15 1
mtlcolor 0.333 0.167 0.667 1 1 1 0.1 0.4 0.6 100
sphere 8 6 -15 1
mtlcolor 0.222 0.111 0.778 1 1 1 0.1 0.4 0.6 100
sphere 9 6 -15 1
mtlcolor 0.111 0.056 0.889 1 1 1 0.1 0.4 0.6 100
sphere 10 6 -15 1
mtlcolor 0.000 0.000 1.000 1 1 1 0.1 0.4 0.6 100
sphere 11 6 -15 1

mtlcolor 1.000 0.500 0.000 1 1 1 0.1 0.4 0.6 100
sphere 11 15 -24 1
mtlcolor 0.889 0.444 0.111 1 1 1 0.1 0.4 0.6 100
sphere 11 14 -23 1
mtlcolor 0.778 0.389 0.222 1 1 1 0.1 0.4 0.6 100
sphere 11 13 -22 1
mtlcolor 0.667 0.333 0.333 1 1 1 0.1 0.4 0.6 100
sphere 11 12 -21 1
mtlcolor 0.556 0.278 0.444 1 1 1 0.1 0.4 0.6 100
sphere 11 11 -20 1
mtlcolor 0.444 0.222 0.556 1 1 1 0.1 0.4 0.6 100
sphere 11 10 -19 1
mtlcolor 0.333 0.167 0.667 1 1 1 0.1 0.4 0.6 100
sphere 11 9 -18 1
mtlcolor 0.222 0.111 0.778 1 1 1 0.1 0.4 0.6 100
sphere 11 8 -17 1
mtlcolor 0.111 0.056 0.889 1 1 1 0.1 0.4 0.6 100
sphere 11 7 -16 1
mtlcolor 0.000 0.000 1.000 1 1 1 0.1 0.4 0.6 100
sphere 11 6 -15 1

mtlcolor 1.000 0.500 0.000 1 1 1 0.1 0.4 0.6 100
sphere -7 15 -24 1
mtlcolor 0.889 0.444 0.111 1 1 1 0.1 0.4 0.6 100
sphere -6 15 -24 1
mtlcolor 0.778 0.389 0.222 1 1 1 0.1 0.4 0.6 100
sphere -5 15 -24 1
mtlcolor 0.667 0.333 0.333 1 1 1 0.1 0.4 0.6 100
sphere -4 15 -24 1
mtlcolor 0.556 0.278 0.444 1 1 1 0.1 0.4 0.6 100
sphere -3 15 -24 1
mtlcolor 0.444 0.222 0.556 1 1 1 0.1 0.4 0.6 100
sphere -3 15 -24 1
mtlcolor 0.333 0.167 0.667 1 1 1 0.1 0.4 0.6 100
sphere -2 15 -24 1
mtlcolor 0.222 0.111 0.778 1 1 1 0.1 0.4 0.6 100
sphere -1 15 -24 1
mtlcolor 0.111 0.056 0.889 1 1 1 0.1 0.4 0.6 100
sphere 0 15 -24 1
mtlcolor 0.000 0.000 1.000 1 1 1 0.1 0.4 0.6 100
sphere 1 15 -24 1

mtlcolor 0.000 0.000 1.000 1 1 1 0.1 0.4 0.6 100
sphere 2 15 -24 1
mtlcolor 0.111 0.056 0.889 1 1 1 0.1 0.4 0.6 100
sphere 3 15 -24 1
mtlcolor 0.222 0.111 0.778 1 1 1 0.1 0.4 0.6 100
sphere 4 15 -24 1
mtlcolor 0.333 0.167 0.667 1 1 1 0.1 0.4 0.6 100
sphere 5 15 -24 1
mtlcolor 0.444 0.222 0.556 1 1 1 0.1 0.4 0.6 100
sphere 6 15 -24 1
mtlcolor 0.556 0.278 0.444 1 1 1 0.1 0.4 0.6 100
sphere 7 15 -24 1
mtlcolor 0.667 0.333 0.333 1 1 1 0.1 0.4 0.6 100
sphere 8 15 -24 1
mtlcolor 0.778 0.389 0.222 1 1 1 0.1 0.4 0.6 100
sphere 9 15 -24 1
mtlcolor 0.889 0.444 0.111 1 1 1 0.1 0.4 0.6 100
sphere 10 15 -24 1
mtlcolor 1.000 0.500 0.000 1 1 1 0.1 0.4 0.6 100
sphere 11 15 -24 1

mtlcolor 0.000 0.000 1.000 1 1 1 0.1 0.4 0.6 100
sphere -7 10 -15 1
mtlcolor 0.111 0.056 0.889 1 1 1 0.1 0.4 0.6 100
sphere -7 11 -16 1
mtlcolor 0.222 0.111 0.778 1 1 1 0.1 0.4 0.6 100
sphere -7 12 -17 1
mtlcolor 0.333 0.167 0.667 1 1 1 0.1 0.4 0.6 100
sphere -7 13 -18 1
mtlcolor 0.444 0.222 0.556 1 1 1 0.1 0.4 0.6 100
sphere -7 14 -19 1
mtlcolor 0.556 0.278 0.444 1 1 1 0.1 0.4 0.6 100
sphere -7 15 -20 1
mtlcolor 0.667 0.333 0.333 1 1 1 0.1 0.4 0.6 100
sphere -7 16 -21 1
mtlcolor 0.778 0.389 0.222 1 1 1 0.1 0.4 0.6 100
sphere -7 17 -22 1
mtlcolor 0.889 0.444 0.111 1 1 1 0.1 0.4 0.6 100
sphere -7 18 -23 1
mtlcolor 1.000 0.500 0.000 1 1 1 0.1 0.4 0.6 100
sphere -7 19 -24 1

mtlcolor 0.000 0.000 1.000 1 1 1 0.1 0.4 0.6 100
sphere -7 10 -15 1
mtlcolor 0.111 0.056 0.889 1 1 1 0.1 0.4 0.6 100
sphere -6 10 -15 1
mtlcolor 0.222 0.111 0.778 1 1 1 0.1 0.4 0.6 100
sphere -5 10 -15 1
mtlcolor 0.333 0.167 0.667 1 1 1 0.1 0.4 0.6 100
sphere -4 10 -15 1
mtlcolor 0.444 0.222 0.556 1 1 1 0.1 0.4 0.6 100
sphere -3 10 -15 1
mtlcolor 0.556 0.278 0.444 1 1 1 0.1 0.4 0.6 100
sphere -3 10 -15 1
mtlcolor 0.667 0.333 0.333 1 1 1 0.1 0.4 0.6 100
sphere -2 10 -15 1
mtlcolor 0.778 0.389 0.222 1 1 1 0.1 0.4 0.6 100
sphere -1 10 -15 1
mtlcolor 0.889 0.444 0.111 1 1 1 0.1 0.4 0.6 100
sphere 0 10 -15 1
mtlcolor 1.000 0.500 0.000 1 1 1 0.1 0.4 0.6 100
sphere 1 10 -15 1

mtlcolor 1.000 0.500 0.000 1 1 1 0.1 0.4 0.6 100
sphere 2 10 -15 1
mtlcolor 0.889 0.444 0.111 1 1 1 0.1 0.4 0.6 100
sphere 3 10 -15 1
mtlcolor 0.778 0.389 0.222 1 1 1 0.1 0.4 0.6 100
sphere 4 10 -15 1
mtlcolor 0.667 0.333 0.333 1 1 1 0.1 0.4 0.6 100
sphere 5 10 -15 1
mtlcolor 0.556 0.278 0.444 1 1 1 0.1 0.4 0.6 100
sphere 6 10 -15 1
mtlcolor 0.444 0.222 0.556 1 1 1 0.1 0.4 0.6 100
sphere 7 10 -15 1
mtlcolor 0.333 0.167 0.667 1 1 1 0.1 0.4 0.6 100
sphere 8 10 -15 1
mtlcolor 0.222 0.111 0.778 1 1 1 0.1 0.4 0.6 100
sphere 9 10 -15 1
mtlcolor 0.111 0.056 0.889 1 1 1 0.1 0.4 0.6 100
sphere 10 10 -15 1
mtlcolor 0.000 0.000 1.000 1 1 1 0.1 0.4 0.6 100
sphere 11 10 -15 1

mtlcolor 1.000 0.500 0.000 1 1 1 0.1 0.4 0.6 100
sphere 11 19 -24 1
mtlcolor 0.889 0.444 0.111 1 1 1 0.1 0.4 0.6 100
sphere 11 18 -23 1
mtlcolor 0.778 0.389 0.222 1 1 1 0.1 0.4 0.6 100
sphere 11 17 -22 1
mtlcolor 0.667 0.333 0.333 1 1 1 0.1 0.4 0.6 100
sphere 11 16 -21 1
mtlcolor 0.556 0.278 0.444 1 1 1 0.1 0.4 0.6 100
sphere 11 15 -20 1
mtlcolor 0.444 0.222 0.556 1 1 1 0.1 0.4 0.6 100
sphere 11 14 -19 1
mtlcolor 0.333 0.167 0.667 1 1 1 0.1 0.4 0.6 100
sphere 11 13 -18 1
mtlcolor 0.222 0.111 0.778 1 1 1 0.1 0.4 0.6 100
sphere 11 12 -17 1
mtlcolor 0.111 0.056 0.889 1 1 1 0.1 0.4 0.6 100
sphere 11 11 -16 1
mtlcolor 0.000 0.000 1.000 1 1 1 0.1 0.4 0.6 100
sphere 11 10 -15 1

mtlcolor 1.000 0.500 0.000 1 1 1 0.1 0.4 0.6 100
sphere -7 19 -24 1
mtlcolor 0.889 0.444 0.111 1 1 1 0.1 0.4 0.6 100
sphere -6 19 -24 1
mtlcolor 0.778 0.389 0.222 1 1 1 0.1 0.4 0.6 100
sphere -5 19 -24 1
mtlcolor 0.667 0.333 0.333 1 1 1 0.1 0.4 0.6 100
sphere -4 19 -24 1
mtlcolor 0.556 0.278 0.444 1 1 1 0.1 0.4 0.6 100
sphere -3 19 -24 1
mtlcolor 0.444 0.222 0.556 1 1 1 0.1 0.4 0.6 100
sphere -3 19 -24 1
mtlcolor 0.333 0.167 0.667 1 1 1 0.1 0.4 0.6 100
sphere -2 19 -24 1
mtlcolor 0.222 0.111 0.778 1 1 1 0.1 0.4 0.6 100
sphere -1 19 -24 1
mtlcolor 0.111 0.056 0.889 1 1 1 0.1 0.4 0.6 100
sphere 0 19 -24 1
mtlcolor 0.000 0.000 1.000 1 1 1 0.1 0.4 0.6 100
sphere 1 19 -24 1

mtlcolor 0.000 0.000 1.000 1 1 1 0.1 0.4 0.6 100
sphere 2 19 -24 1
mtlcolor 0.111 0.056 0.889 1 1 1 0.1 0.4 0.6 100
sphere 3 19 -24 1
mtlcolor 0.222 0.111 0.778 1 1 1 0.1 0.4 0.6 100
sphere 4 19 -24 1
mtlcolor 0.333 0.167 0.667 1 1 1 0.1 0.4 0.6 100
sphere 5 19 -24 1
mtlcolor 0.444 0.222 0.556 1 1 1 0.1 0.4 0.6 100
sphere 6 19 -24 1
mtlcolor 0.556 0.278 0.444 1 1 1 0.1 0.4 0.6 100
sphere 7 19 -24 1
mtlcolor 0.667 0.333 0.333 1 1 1 0.1 0.4 0.6 100
sphere 8 19 -24 1
mtlcolor 0.778 0.389 0.222 1 1 1 0.1 0.4 0.6 100
sphere 9 19 -24 1
mtlcolor 0.889 0.444 0.111 1 1 1 0.1 0.4 0.6 100
sphere 10 19 -24 1
mtlcolor 1.000 0.500 0.000 1 1 1 0.1 0.4 0.6 100
sphere 11 19 -24 1
